                        10                      0.13         0.995667863637236
                        11                      0.16         0.995988925997014
                        12                      0.18         0.996279204574716
                        13                      0.21          0.99651704217775
                        14                      0.24         0.996717790516134
                        15                      0.28         0.996893505993953
                        16                      0.31         0.997044570022925
                        17                      0.35         0.997177090965447
                        18                      0.39         0.997292282669504
                        19                      0.43         0.997393101650951
                        20                      0.48         0.997481516096216
                        21                      0.52         0.997560157281249
                        22                      0.57         0.997628905256727
                        23                      0.62         0.997689192506953
                        24                      0.67         0.997742008990844
                        25                      0.72         0.997787832322328
                        26                      0.78         0.997828024458235
                        27                      0.84         0.997862332511181
                        28                       0.9         0.997891602715033
                        29                      0.96         0.997916272296108
                        30                      1.02         0.997936569383862
                        31                      1.09          0.99795274264518
                        32                      1.15         0.997965271152692
                        33                      1.22         0.997974282029801
                        34                      1.29         0.997979955986034
                        35                      1.37         0.997982499930357
                        36                      1.44         0.997982197482509
                        37                      1.52         0.997979018741287
                        38                      1.59         0.997973196263753
                        39                      1.68         0.997964866411132
                        40                      1.76         0.997954146781883
                        41                      1.84          0.99794108989419
                        42                      1.93         0.997925779167357
                        43                      2.01         0.997908329314278
                        44                       2.1         0.997888823835651
                        45                      2.19         0.997867301692749
                        46                      2.29         0.997843872087713
                        47                      2.38         0.997818537972333
                        48                      2.48         0.997791389421772
                        49                      2.58         0.997762455012863
                        50                      2.68          0.99773179127244
                        51                      2.78         0.997699436995565
                        52                      2.89         0.997665421048966
                        53                      2.99         0.997629811603203
                        54                       3.1         0.997592609620875
                        55                      3.21         0.997553856687275
                        56                      3.32          0.99751358376061
                        57                      3.43         0.997471812909934
                        58                      3.55         0.997428575362746
                        59                      3.66         0.997383888244858
                        60                      3.78         0.997337783594068
                        61                       3.9         0.997290272491119
                        62                      4.03         0.997241374660032
                        63                      4.15         0.997191119641522
                        64                      4.27         0.997139507411975
                        65                       4.4         0.997086569870006
                        66                      4.53          0.99703231247233
                        67                      4.66         0.996976751425546
                        68                      4.79         0.996919898979695
                        69                      4.93         0.996861776141688
                        70                      5.07         0.996802383338913
                        71                       5.2         0.996741741007248
                        72                      5.34         0.996679856109714
                        73                      5.48         0.996616738042538
                        74                      5.63         0.996552401745554
                        75                      5.77         0.996486849820686
                        76                      5.92         0.996420096036819
                        77                      6.07         0.996352145821311
                        78                      6.22         0.996283008535573
                        79                      6.37         0.996212691544442
                        80                      6.53         0.996141200722214
                        81                      6.68         0.996068547807322
                        82                      6.84         0.995994734316342
                        83                         7         0.995919768487682
                        84                      7.16         0.995843656957385
                        85                      7.32         0.995766405045753
                        86                      7.48         0.995688017041975
                        87                      7.65         0.995608501650969
                        88                      7.82         0.995527860839677
                        89                      7.99         0.995446100699457
                        90                      8.16         0.995363226194214
                        91                      8.33          0.99527924138192
                        92                      8.51         0.995194150731338
                        93                      8.68         0.995107959069181
                        94                      8.86         0.995020670189708
                        95                      9.04         0.994932287637378
                        96                      9.22         0.994842815291205
                        97                      9.41          0.99475225674399
                        98                      9.59         0.994660616648441
                        99                      9.78         0.994567896813674
                       100                      9.97         0.994474101159068
                       101                     10.16         0.994379233279208
                       102                     10.35         0.994283296202232
                       103                     10.54         0.994186292492041
                       104                     10.74         0.994088224898077
                       105                     10.93         0.993989096878384
                       106                     11.13         0.993888910958137
                       107                     11.33         0.993787669537753
                       108                     11.53         0.993685375156883
                       109                     11.74         0.993582031028791
                       110                     11.94         0.993477638689462
                       111                     12.15            0.993372201252
                       112                     12.36         0.993265720509089
                       113                     12.57         0.993158198900663
                       114                     12.78         0.993049638550011
                       115                        13         0.992940041633528
                       116                     13.21         0.992829410535914
                       117                     13.43         0.992717746938118
                       118                     13.65         0.992605052877694
                       119                     13.87         0.992491330423827
                       120                     14.09         0.992376581403696
                       121                     14.32          0.99226080749216
                       122                     14.54         0.992144011166259
                       123                     14.77         0.992026193543907
                       124                        15         0.991907356594614
                       125                     15.23         0.991787502118315
                       126                     15.46         0.991666631726793
                       127                     15.69         0.991544746872543
                       128                     15.93         0.991421849774624
                       129                     16.17         0.991297941432598
                       130                     16.41         0.991173023620269
                       131                     16.65         0.991047097938366
                       132                     16.89         0.990920165839183
                       133                     17.13         0.990792228648548
                       134                     17.38          0.99066328832352
                       135                     17.63         0.990533345826735
                       136                     17.88         0.990402402746893
                       137                     18.13          0.99027046053521
                       138                     18.38         0.990137520524326
                       139                     18.64         0.990003583957996
                       140                     18.89         0.989868652564939
                       141                     19.15         0.989732727300025
                       142                     19.41         0.989595809598801
                       143                     19.67         0.989457900799092
                       144                     19.93         0.989319002142986
                       145                      20.2         0.989179114810526
                       146                     20.46         0.989038240348828
                       147                     20.73         0.988896379708967
                       148                        21         0.988753534211369
                       149                     21.27          0.98860970510731
                       150                     21.54         0.988464893570049
                       151                     21.82         0.988319100709862
                       152                     22.09         0.988172327975042
                       153                     22.37         0.988024576270927
                       154                     22.65         0.987875846851282
                       155                     22.93         0.987726140901155
                       156                     23.21         0.987575459541502
                       157                     23.49         0.987423803837536
                       158                     23.78         0.987271175108208
                       159                     24.07         0.987117574276518
                       160                     24.36         0.986963002537328
                       161                     24.65         0.986807461025095
                       162                     24.94         0.986650950821261
                       163                     25.23         0.986493472960983
                       164                     25.53         0.986335028620578
                       165                     25.83         0.986175618780508
                       166                     26.12          0.98601524460506
                       167                     26.43         0.985853907135969
                       168                     26.73         0.985691607479543
                       169                     27.03         0.985528346630987
                       170                     27.34         0.985364125624374
                       171                     27.64         0.985198945588954
                       172                     27.95         0.985032807545656
                       173                     28.26         0.984865712512958
                       174                     28.57         0.984697661526553
                       175                     28.89         0.984528655689403
                       176                      29.2         0.984358695960344
                       177                     29.52           0.9841877834173
                       178                     29.84          0.98401591904645
                       179                     30.16         0.983843103898688
                       180                     30.48         0.983669338993688
                       181                      30.8         0.983494625323598
                       182                     31.13         0.983318963957065
                       183                     31.45         0.983142355835837
                       184                     31.78         0.982964802068255
                       185                     32.11         0.982786303592801
                       186                     32.44         0.982606861422079
                       187                     32.78         0.982426476613797
                       188                     33.11         0.982245150123344
                       189                     33.45         0.982062882975117
                       190                     33.79         0.981879676153869
                       191                     34.13         0.981695530687709
                       192                     34.47          0.98151044758236
                       193                     34.81         0.981324427823724
                       194                     35.15         0.981137472380269
                       195                      35.5         0.980949582334485
                       196                     35.85          0.98076075860902
                       197                      36.2         0.980571002228008
                       198                     36.55         0.980380314196498
                       199                      36.9         0.980188695502621
                       200                     37.26         0.979996147128394